   25     5
      22      24       6      46      16      16      18      30      20      46      16      20      20      20      18      18      14      22      22      16      24      36       0       0       0
      22      24       6      46      16      16      18      30      20      46      16      20      20      20      18      18      14      22      22      16      24      36      18      30      36
      44      48      12      92      32      32      36      60      40      92      32      40      40      40      36      36      28      44      44      32      48      72      12      20      24
      44      48      12      92      32      32      36      60      40      92      32      40      40      40      36      36      28      44      44      32      48      72      12      20      24
      44      48      12      92      32      32      36      60      40      92      32      40      40      40      36      36      28      44      44      32      48      72      18      30      36
      16      300      284
      16      300      284
      16      300      284
      16      300      284
      16      300      284
      77      45      74      78      33      53      19       6      68      41      27     133     111     100      89      81     115      19      82      58      43      67     141      79      74
     377     345     374     378     333     353     319     306     368     341     327     433     411     400     389     381     415     319     382     358     343     367     145      83      78
     125      100        0        2
     175      125        1        3
     100      125        2        4
     100      125        3        5
     125      125        4        0
     150     225     200     225     175     200     200     150     175     175     150     175     200     175     200     175     200     200     150     225     225     225     350     275     275
      22       3       0       0       0       0