   25     5
      12      20      14      32      18       8      24      26      32      24      14      22      18      26      18      22      18      14      30      26      16      30       0       0       0
      12      20      14      32      18       8      24      26      32      24      14      22      18      26      18      22      18      14      30      26      16      30      18      27      21
      24      40      28      64      36      16      48      52      64      48      28      44      36      52      36      44      36      28      60      52      32      60      12      18      14
      24      40      28      64      36      16      48      52      64      48      28      44      36      52      36      44      36      28      60      52      32      60      12      18      14
      24      40      28      64      36      16      48      52      64      48      28      44      36      52      36      44      36      28      60      52      32      60      18      27      21
      18      300      282
      18      300      282
      18      300      282
      18      300      282
      18      300      282
       8      22      20      36      43      21      54     139       9      22      39      63     105      57     131      25     123      89     113      51      20      19     121      17     136
     308     322     320     336     343     321     354     439     309     322     339     363     405     357     431     325     423     389     413     351     320     319     125      21     140
     125      100        0        2
     175      125        1        3
     100      125        2        4
     100      125        3        5
     125      125        4        0
     150     175     225     175     200     200     225     200     200     225     150     175     200     175     175     150     200     200     150     200     175     200     275     275     275
      22       3       0       0       0       0