   25     5
      12      14      24      22      22      20      16      20      22      10      12      26      12      12      18      12      38      20      14      20      22      24       0       0       0
      12      14      24      22      22      20      16      20      22      10      12      26      12      12      18      12      38      20      14      20      22      24      21      24      30
      24      28      48      44      44      40      32      40      44      20      24      52      24      24      36      24      76      40      28      40      44      48      14      16      20
      24      28      48      44      44      40      32      40      44      20      24      52      24      24      36      24      76      40      28      40      44      48      14      16      20
      24      28      48      44      44      40      32      40      44      20      24      52      24      24      36      24      76      40      28      40      44      48      21      24      30
      24      300      276
      24      300      276
      24      300      276
      24      300      276
      24      300      276
      14     120      56      96      63     101     123     117      35     127      65      66      93     114      71      57     140      85      31      36     119      69      81      35     118
     314     420     356     396     363     401     423     417     335     427     365     366     393     414     371     357     440     385     331     336     419     369      85      39     122
     125      100        0        2
     175      125        1        3
     100      125        2        4
     100      125        3        5
     125      125        4        0
     150     225     150     200     175     175     175     225     200     150     200     175     200     200     150     200     225     150     225     200     175     150     350     275     350
      22       3       0       0       0       0