   25     5
      14      12      18      20      18      40      28      14      42      30      14      20      16      18      32      16      18      20      40      32      22      32       0       0       0
      14      12      18      20      18      40      28      14      42      30      14      20      16      18      32      16      18      20      40      32      22      32      27      36      24
      28      24      36      40      36      80      56      28      84      60      28      40      32      36      64      32      36      40      80      64      44      64      18      24      16
      28      24      36      40      36      80      56      28      84      60      28      40      32      36      64      32      36      40      80      64      44      64      18      24      16
      28      24      36      40      36      80      56      28      84      60      28      40      32      36      64      32      36      40      80      64      44      64      27      36      24
      25      300      275
      25      300      275
      25      300      275
      25      300      275
      25      300      275
      37      81      55      50      30      19     136     107      53      15      42     105     108     142     102      21      48      28      56     131      38      96     125     113     120
     337     381     355     350     330     319     436     407     353     315     342     405     408     442     402     321     348     328     356     431     338     396     129     117     124
     125      100        0        2
     175      125        1        3
     100      125        2        4
     100      125        3        5
     125      125        4        0
     175     150     150     150     175     200     200     175     200     175     175     150     175     175     150     200     200     150     200     200     150     150     350     275     275
      22       3       0       0       0       0