   25     5
      24      30      16      14      42      28      14      14      24      14      30      44      20      36      18      14      14      10      32      12      16      20       0       0       0
      24      30      16      14      42      28      14      14      24      14      30      44      20      36      18      14      14      10      32      12      16      20      21      39      21
      48      60      32      28      84      56      28      28      48      28      60      88      40      72      36      28      28      20      64      24      32      40      14      26      14
      48      60      32      28      84      56      28      28      48      28      60      88      40      72      36      28      28      20      64      24      32      40      14      26      14
      48      60      32      28      84      56      28      28      48      28      60      88      40      72      36      28      28      20      64      24      32      40      21      39      21
      12      300      288
      12      300      288
      12      300      288
      12      300      288
      12      300      288
      94      51      37     115      93       5      84      83       1      70     102      87      95      28      86      20       9      72     103      52     120      21     141      77      83
     394     351     337     415     393     305     384     383     301     370     402     387     395     328     386     320     309     372     403     352     420     321     145      81      87
     125      100        0        2
     175      125        1        3
     100      125        2        4
     100      125        3        5
     125      125        4        0
     150     200     175     175     175     225     225     200     225     150     150     200     200     175     225     200     175     225     200     175     175     150     275     275     350
      22       3       0       0       0       0