   25     5
      20      44      22      14      12      30      28       6      26      22      20      16      26      14      18      34      28      16      12      20      18       8       0       0       0
      20      44      22      14      12      30      28       6      26      22      20      16      26      14      18      34      28      16      12      20      18       8      18      30      24
      40      88      44      28      24      60      56      12      52      44      40      32      52      28      36      68      56      32      24      40      36      16      12      20      16
      40      88      44      28      24      60      56      12      52      44      40      32      52      28      36      68      56      32      24      40      36      16      12      20      16
      40      88      44      28      24      60      56      12      52      44      40      32      52      28      36      68      56      32      24      40      36      16      18      30      24
      12      300      288
      12      300      288
      12      300      288
      12      300      288
      12      300      288
      71      90      39      17      12     117      94      29      43      79       2     129     123      43       5      48      98      23      20      73      88      17      37      61      92
     371     390     339     317     312     417     394     329     343     379     302     429     423     343     305     348     398     323     320     373     388     317      41      65      96
     125      100        0        2
     175      125        1        3
     100      125        2        4
     100      125        3        5
     125      125        4        0
     150     200     175     200     200     150     175     225     175     150     200     175     175     225     150     200     200     175     175     150     225     175     350     275     350
      22       3       0       0       0       0