   25     5
      14      18      42      30      14       6      12      40      30      14      22      14      18      14      18      24      16      16      22      38      18      14       0       0       0
      14      18      42      30      14       6      12      40      30      14      22      14      18      14      18      24      16      16      22      38      18      14      21      21      39
      28      36      84      60      28      12      24      80      60      28      44      28      36      28      36      48      32      32      44      76      36      28      14      14      26
      28      36      84      60      28      12      24      80      60      28      44      28      36      28      36      48      32      32      44      76      36      28      14      14      26
      28      36      84      60      28      12      24      80      60      28      44      28      36      28      36      48      32      32      44      76      36      28      21      21      39
      20      300      280
      20      300      280
      20      300      280
      20      300      280
      20      300      280
      31     126      19     134     124      53      44      49     111      12     140      77      57     143      36      10      46      73      72     136     127      73     104      91      63
     331     426     319     434     424     353     344     349     411     312     440     377     357     443     336     310     346     373     372     436     427     373     108      95      67
     125      100        0        2
     175      125        1        3
     100      125        2        4
     100      125        3        5
     125      125        4        0
     150     200     225     225     175     175     175     175     175     225     200     200     200     200     150     175     175     225     175     150     175     175     275     350     275
      22       3       0       0       0       0