   25     5
      14      44      12      16      32       6      36      16      16      18      38      36      34      18      18      24      18      28      26      16      34      20       0       0       0
      14      44      12      16      32       6      36      16      16      18      38      36      34      18      18      24      18      28      26      16      34      20      21      24      18
      28      88      24      32      64      12      72      32      32      36      76      72      68      36      36      48      36      56      52      32      68      40      14      16      12
      28      88      24      32      64      12      72      32      32      36      76      72      68      36      36      48      36      56      52      32      68      40      14      16      12
      28      88      24      32      64      12      72      32      32      36      76      72      68      36      36      48      36      56      52      32      68      40      21      24      18
      20      300      280
      20      300      280
      20      300      280
      20      300      280
      20      300      280
      20      74      91      13      83      37      49      94      60      89      90      70      81      28      12      89      12      81      93      21      73     118      40      54     100
     320     374     391     313     383     337     349     394     360     389     390     370     381     328     312     389     312     381     393     321     373     418      44      58     104
     125      100        0        2
     175      125        1        3
     100      125        2        4
     100      125        3        5
     125      125        4        0
     150     150     175     200     150     150     200     150     225     175     175     200     200     150     200     175     150     175     200     175     175     175     350     275     275
      22       3       0       0       0       0