   25     5
      22      12      36      18      26      16      22      18      44      26      48      30      48      16      18      18      14      14      20      42      14      20       0       0       0
      22      12      36      18      26      16      22      18      44      26      48      30      48      16      18      18      14      14      20      42      14      20      21      24      36
      44      24      72      36      52      32      44      36      88      52      96      60      96      32      36      36      28      28      40      84      28      40      14      16      24
      44      24      72      36      52      32      44      36      88      52      96      60      96      32      36      36      28      28      40      84      28      40      14      16      24
      44      24      72      36      52      32      44      36      88      52      96      60      96      32      36      36      28      28      40      84      28      40      21      24      36
      12      300      288
      12      300      288
      12      300      288
      12      300      288
      12      300      288
      89      97       2      55      73      69      14     105     119     108      77     140      87      71     114       1       4      11      62      29      96      21      60     117      37
     389     397     302     355     373     369     314     405     419     408     377     440     387     371     414     301     304     311     362     329     396     321      64     121      41
     125      100        0        2
     175      125        1        3
     100      125        2        4
     100      125        3        5
     125      125        4        0
     150     175     175     150     200     150     200     175     225     200     175     175     200     225     225     175     225     175     225     175     225     200     275     275     275
      22       3       0       0       0       0