   25     5
      14      24      20      10      10      20      20      12      10      32      26      10      22      30      18      14      32       8      14      12      14      16       0       0       0
      14      24      20      10      10      20      20      12      10      32      26      10      22      30      18      14      32       8      14      12      14      16      21      30      30
      28      48      40      20      20      40      40      24      20      64      52      20      44      60      36      28      64      16      28      24      28      32      14      20      20
      28      48      40      20      20      40      40      24      20      64      52      20      44      60      36      28      64      16      28      24      28      32      14      20      20
      28      48      40      20      20      40      40      24      20      64      52      20      44      60      36      28      64      16      28      24      28      32      21      30      30
      16      300      284
      16      300      284
      16      300      284
      16      300      284
      16      300      284
      25      28     127      73     103     117     118      71      85      51     115      73      69      85      96     122      29      77      10       7      28      23      52      85     119
     325     328     427     373     403     417     418     371     385     351     415     373     369     385     396     422     329     377     310     307     328     323      56      89     123
     125      100        0        2
     175      125        1        3
     100      125        2        4
     100      125        3        5
     125      125        4        0
     150     175     200     200     225     200     150     175     150     200     225     200     200     175     175     225     150     200     200     175     175     225     275     275     350
      22       3       0       0       0       0