   35    10
      18      36      42      10      14      14      24      14      20      30      46      20      38      48      26      26      12      14      16      18      12      20      24      14      20      20      18      32      22      12       0       0       0       0       0
      18      36      42      10      14      14      24      14      20      30      46      20      38      48      26      26      12      14      16      18      12      20      24      14      20      20      18      32      22      12      24      18      24      36      36
      36      72      84      20      28      28      48      28      40      60      92      40      76      96      52      52      24      28      32      36      24      40      48      28      40      40      36      64      44      24      16      12      16      24      24
      36      72      84      20      28      28      48      28      40      60      92      40      76      96      52      52      24      28      32      36      24      40      48      28      40      40      36      64      44      24      16      12      16      24      24
      36      72      84      20      28      28      48      28      40      60      92      40      76      96      52      52      24      28      32      36      24      40      48      28      40      40      36      64      44      24      24      18      24      36      36
      36      72      84      20      28      28      48      28      40      60      92      40      76      96      52      52      24      28      32      36      24      40      48      28      40      40      36      64      44      24      32      24      32      48      48
      36      72      84      20      28      28      48      28      40      60      92      40      76      96      52      52      24      28      32      36      24      40      48      28      40      40      36      64      44      24      40      30      40      60      60
      36      72      84      20      28      28      48      28      40      60      92      40      76      96      52      52      24      28      32      36      24      40      48      28      40      40      36      64      44      24       0       0       0       0       0
      36      72      84      20      28      28      48      28      40      60      92      40      76      96      52      52      24      28      32      36      24      40      48      28      40      40      36      64      44      24       0       0       0       0       0
      36      72      84      20      28      28      48      28      40      60      92      40      76      96      52      52      24      28      32      36      24      40      48      28      40      40      36      64      44      24       0       0       0       0       0
      18      300      282
      18      300      282
      18      300      282
      18      300      282
      18      300      282
      18      300      282
      18      300      282
      18      300      282
      18      300      282
      18      300      282
      44      65      52     118      87      20      27     136      72      49      86     133      77      97     122      45     129      40     112      56      65     135     135     111      99      56     137      27     105      88      34       8      27      84      76
     344     365     352     418     387     320     327     436     372     349     386     433     377     397     422     345     429     340     412     356     365     435     435     411     399     356     437     327     405     388      38      12      31      88      80
     125      100        0        2
     175      125        1        3
     100      125        2        4
     100      125        3        5
     125      125        4        6
     125      125        5        7
     125      125        6        8
     125      125        7        9
     125      125        8       10
     125      125        9        0
     175     150     150     200     200     175     225     175     200     175     175     175     200     175     175     200     175     225     200     175     150     175     150     175     175     200     150     225     200     175     275     275     350     350     275
      30       5       0       0       0       0