   35    10
      22      28      24       6       6      14      12      18      20      16      16      14      38      18      30      28      44      16      14      22      14      40      26      28      18      16      20      30      20      20       0       0       0       0       0
      22      28      24       6       6      14      12      18      20      16      16      14      38      18      30      28      44      16      14      22      14      40      26      28      18      16      20      30      20      20      33      39      21      24      36
      44      56      48      12      12      28      24      36      40      32      32      28      76      36      60      56      88      32      28      44      28      80      52      56      36      32      40      60      40      40      22      26      14      16      24
      44      56      48      12      12      28      24      36      40      32      32      28      76      36      60      56      88      32      28      44      28      80      52      56      36      32      40      60      40      40      22      26      14      16      24
      44      56      48      12      12      28      24      36      40      32      32      28      76      36      60      56      88      32      28      44      28      80      52      56      36      32      40      60      40      40      33      39      21      24      36
      44      56      48      12      12      28      24      36      40      32      32      28      76      36      60      56      88      32      28      44      28      80      52      56      36      32      40      60      40      40      44      52      28      32      48
      44      56      48      12      12      28      24      36      40      32      32      28      76      36      60      56      88      32      28      44      28      80      52      56      36      32      40      60      40      40      55      65      35      40      60
      44      56      48      12      12      28      24      36      40      32      32      28      76      36      60      56      88      32      28      44      28      80      52      56      36      32      40      60      40      40       0       0       0       0       0
      44      56      48      12      12      28      24      36      40      32      32      28      76      36      60      56      88      32      28      44      28      80      52      56      36      32      40      60      40      40       0       0       0       0       0
      44      56      48      12      12      28      24      36      40      32      32      28      76      36      60      56      88      32      28      44      28      80      52      56      36      32      40      60      40      40       0       0       0       0       0
      14      300      286
      14      300      286
      14      300      286
      14      300      286
      14      300      286
      14      300      286
      14      300      286
      14      300      286
      14      300      286
      14      300      286
      68      26      50      72      24      52      17      46      29      39      43       3      29      38      26      30      52      24      72     141      28      44     118      41      26       6     126      24      83      83      98      94      18      78      10
     368     326     350     372     324     352     317     346     329     339     343     303     329     338     326     330     352     324     372     441     328     344     418     341     326     306     426     324     383     383     102      98      22      82      14
     125      100        0        2
     175      125        1        3
     100      125        2        4
     100      125        3        5
     125      125        4        6
     125      125        5        7
     125      125        6        8
     125      125        7        9
     125      125        8       10
     125      125        9        0
     175     175     150     150     175     150     175     175     175     175     150     200     200     200     200     150     225     150     175     200     225     150     150     200     175     150     200     150     175     150     275     350     275     350     350
      30       5       0       0       0       0