   35    10
       8      14       6      18      24      40      14      26      18      16      22      40      16      36      28       6      16      18      20      18      16      14      24      38      24      14      12      16      14      18       0       0       0       0       0
       8      14       6      18      24      40      14      26      18      16      22      40      16      36      28       6      16      18      20      18      16      14      24      38      24      14      12      16      14      18      33      39      30      24      30
      16      28      12      36      48      80      28      52      36      32      44      80      32      72      56      12      32      36      40      36      32      28      48      76      48      28      24      32      28      36      22      26      20      16      20
      16      28      12      36      48      80      28      52      36      32      44      80      32      72      56      12      32      36      40      36      32      28      48      76      48      28      24      32      28      36      22      26      20      16      20
      16      28      12      36      48      80      28      52      36      32      44      80      32      72      56      12      32      36      40      36      32      28      48      76      48      28      24      32      28      36      33      39      30      24      30
      16      28      12      36      48      80      28      52      36      32      44      80      32      72      56      12      32      36      40      36      32      28      48      76      48      28      24      32      28      36      44      52      40      32      40
      16      28      12      36      48      80      28      52      36      32      44      80      32      72      56      12      32      36      40      36      32      28      48      76      48      28      24      32      28      36      55      65      50      40      50
      16      28      12      36      48      80      28      52      36      32      44      80      32      72      56      12      32      36      40      36      32      28      48      76      48      28      24      32      28      36       0       0       0       0       0
      16      28      12      36      48      80      28      52      36      32      44      80      32      72      56      12      32      36      40      36      32      28      48      76      48      28      24      32      28      36       0       0       0       0       0
      16      28      12      36      48      80      28      52      36      32      44      80      32      72      56      12      32      36      40      36      32      28      48      76      48      28      24      32      28      36       0       0       0       0       0
      14      300      286
      14      300      286
      14      300      286
      14      300      286
      14      300      286
      14      300      286
      14      300      286
      14      300      286
      14      300      286
      14      300      286
     131      94      69      53     138       4      57      80      63      97       5      70      47      24      44      53      27     102     123      19      96      42      34      86     126      25      22      43     109     103      74       7      21      80     125
     431     394     369     353     438     304     357     380     363     397     305     370     347     324     344     353     327     402     423     319     396     342     334     386     426     325     322     343     409     403      78      11      25      84     129
     125      100        0        2
     175      125        1        3
     100      125        2        4
     100      125        3        5
     125      125        4        6
     125      125        5        7
     125      125        6        8
     125      125        7        9
     125      125        8       10
     125      125        9        0
     175     175     200     175     175     175     225     175     150     200     200     200     200     150     175     200     200     200     175     150     175     225     150     200     200     150     175     225     200     175     350     275     350     275     275
      30       5       0       0       0       0