   35    10
      20      10      14      16      30      24      20      22      28      44      20       6      16      34      22      46      14      14      10      12      20      44      12      14      16      12      18      40      18      16       0       0       0       0       0
      20      10      14      16      30      24      20      22      28      44      20       6      16      34      22      46      14      14      10      12      20      44      12      14      16      12      18      40      18      16      30      24      21      30      39
      40      20      28      32      60      48      40      44      56      88      40      12      32      68      44      92      28      28      20      24      40      88      24      28      32      24      36      80      36      32      20      16      14      20      26
      40      20      28      32      60      48      40      44      56      88      40      12      32      68      44      92      28      28      20      24      40      88      24      28      32      24      36      80      36      32      20      16      14      20      26
      40      20      28      32      60      48      40      44      56      88      40      12      32      68      44      92      28      28      20      24      40      88      24      28      32      24      36      80      36      32      30      24      21      30      39
      40      20      28      32      60      48      40      44      56      88      40      12      32      68      44      92      28      28      20      24      40      88      24      28      32      24      36      80      36      32      40      32      28      40      52
      40      20      28      32      60      48      40      44      56      88      40      12      32      68      44      92      28      28      20      24      40      88      24      28      32      24      36      80      36      32      50      40      35      50      65
      40      20      28      32      60      48      40      44      56      88      40      12      32      68      44      92      28      28      20      24      40      88      24      28      32      24      36      80      36      32       0       0       0       0       0
      40      20      28      32      60      48      40      44      56      88      40      12      32      68      44      92      28      28      20      24      40      88      24      28      32      24      36      80      36      32       0       0       0       0       0
      40      20      28      32      60      48      40      44      56      88      40      12      32      68      44      92      28      28      20      24      40      88      24      28      32      24      36      80      36      32       0       0       0       0       0
      12      300      288
      12      300      288
      12      300      288
      12      300      288
      12      300      288
      12      300      288
      12      300      288
      12      300      288
      12      300      288
      12      300      288
      62      71      15      11       4     116      91      69       4      77      17     101     106      53      22      82     121     117      55     135       2      87      59     100     117     115     105      49      96     102      99      42      56     123     108
     362     371     315     311     304     416     391     369     304     377     317     401     406     353     322     382     421     417     355     435     302     387     359     400     417     415     405     349     396     402     103      46      60     127     112
     125      100        0        2
     175      125        1        3
     100      125        2        4
     100      125        3        5
     125      125        4        6
     125      125        5        7
     125      125        6        8
     125      125        7        9
     125      125        8       10
     125      125        9        0
     175     150     225     225     200     175     150     150     150     150     175     150     150     200     175     175     150     200     200     225     150     200     225     225     225     175     200     175     175     175     350     275     350     350     275
      30       5       0       0       0       0