   35    10
      22      20      10      26      14      24      24      14      14      26      14      16      24      30      30      16      18      22      22      18      20      28      26      24      32      30      30      30      26      22       0       0       0       0       0
      22      20      10      26      14      24      24      14      14      26      14      16      24      30      30      16      18      22      22      18      20      28      26      24      32      30      30      30      26      22      21      39      36      36      21
      44      40      20      52      28      48      48      28      28      52      28      32      48      60      60      32      36      44      44      36      40      56      52      48      64      60      60      60      52      44      14      26      24      24      14
      44      40      20      52      28      48      48      28      28      52      28      32      48      60      60      32      36      44      44      36      40      56      52      48      64      60      60      60      52      44      14      26      24      24      14
      44      40      20      52      28      48      48      28      28      52      28      32      48      60      60      32      36      44      44      36      40      56      52      48      64      60      60      60      52      44      21      39      36      36      21
      44      40      20      52      28      48      48      28      28      52      28      32      48      60      60      32      36      44      44      36      40      56      52      48      64      60      60      60      52      44      28      52      48      48      28
      44      40      20      52      28      48      48      28      28      52      28      32      48      60      60      32      36      44      44      36      40      56      52      48      64      60      60      60      52      44      35      65      60      60      35
      44      40      20      52      28      48      48      28      28      52      28      32      48      60      60      32      36      44      44      36      40      56      52      48      64      60      60      60      52      44       0       0       0       0       0
      44      40      20      52      28      48      48      28      28      52      28      32      48      60      60      32      36      44      44      36      40      56      52      48      64      60      60      60      52      44       0       0       0       0       0
      44      40      20      52      28      48      48      28      28      52      28      32      48      60      60      32      36      44      44      36      40      56      52      48      64      60      60      60      52      44       0       0       0       0       0
      11      300      289
      11      300      289
      11      300      289
      11      300      289
      11      300      289
      11      300      289
      11      300      289
      11      300      289
      11      300      289
      11      300      289
      74     124      86     132      44     132      86      23      55       1      68       7      17      96     110      62      68      20     133     127     126      94      78      60       8     138      52      60     113     117     114       7      16      77      30
     374     424     386     432     344     432     386     323     355     301     368     307     317     396     410     362     368     320     433     427     426     394     378     360     308     438     352     360     413     417     118      11      20      81      34
     125      100        0        2
     175      125        1        3
     100      125        2        4
     100      125        3        5
     125      125        4        6
     125      125        5        7
     125      125        6        8
     125      125        7        9
     125      125        8       10
     125      125        9        0
     175     200     175     175     150     200     225     175     175     200     200     200     200     150     175     200     150     175     150     200     225     175     225     225     200     175     175     225     150     200     275     350     350     350     350
      30       5       0       0       0       0