   35    10
      42       8      26      14      10      18      18      16      14      12      10      18       8      30      26      20      36      22      12       8      20      22      24      14      16      30      16      16      20      12       0       0       0       0       0
      42       8      26      14      10      18      18      16      14      12      10      18       8      30      26      20      36      22      12       8      20      22      24      14      16      30      16      16      20      12      30      18      24      27      33
      84      16      52      28      20      36      36      32      28      24      20      36      16      60      52      40      72      44      24      16      40      44      48      28      32      60      32      32      40      24      20      12      16      18      22
      84      16      52      28      20      36      36      32      28      24      20      36      16      60      52      40      72      44      24      16      40      44      48      28      32      60      32      32      40      24      20      12      16      18      22
      84      16      52      28      20      36      36      32      28      24      20      36      16      60      52      40      72      44      24      16      40      44      48      28      32      60      32      32      40      24      30      18      24      27      33
      84      16      52      28      20      36      36      32      28      24      20      36      16      60      52      40      72      44      24      16      40      44      48      28      32      60      32      32      40      24      40      24      32      36      44
      84      16      52      28      20      36      36      32      28      24      20      36      16      60      52      40      72      44      24      16      40      44      48      28      32      60      32      32      40      24      50      30      40      45      55
      84      16      52      28      20      36      36      32      28      24      20      36      16      60      52      40      72      44      24      16      40      44      48      28      32      60      32      32      40      24       0       0       0       0       0
      84      16      52      28      20      36      36      32      28      24      20      36      16      60      52      40      72      44      24      16      40      44      48      28      32      60      32      32      40      24       0       0       0       0       0
      84      16      52      28      20      36      36      32      28      24      20      36      16      60      52      40      72      44      24      16      40      44      48      28      32      60      32      32      40      24       0       0       0       0       0
      15      300      285
      15      300      285
      15      300      285
      15      300      285
      15      300      285
      15      300      285
      15      300      285
      15      300      285
      15      300      285
      15      300      285
     113      88     106      16      77      52     136       4     131      68      73      59      83     140      80     101     121     114      82      64      87      38      11      30      36      62     102      81      17     142      26     123      28      84      67
     413     388     406     316     377     352     436     304     431     368     373     359     383     440     380     401     421     414     382     364     387     338     311     330     336     362     402     381     317     442      30     127      32      88      71
     125      100        0        2
     175      125        1        3
     100      125        2        4
     100      125        3        5
     125      125        4        6
     125      125        5        7
     125      125        6        8
     125      125        7        9
     125      125        8       10
     125      125        9        0
     175     175     150     150     175     175     200     225     200     225     200     175     200     175     175     225     175     225     225     200     200     200     200     175     150     150     200     200     200     150     275     350     350     275     350
      30       5       0       0       0       0