   35    10
      40      16      16      18      32      44      28      20      18      26      14      16      16      18      26      46      18      16      24      14      14      28      24      16      28      16       8      16      16       6       0       0       0       0       0
      40      16      16      18      32      44      28      20      18      26      14      16      16      18      26      46      18      16      24      14      14      28      24      16      28      16       8      16      16       6      24      18      30      36      27
      80      32      32      36      64      88      56      40      36      52      28      32      32      36      52      92      36      32      48      28      28      56      48      32      56      32      16      32      32      12      16      12      20      24      18
      80      32      32      36      64      88      56      40      36      52      28      32      32      36      52      92      36      32      48      28      28      56      48      32      56      32      16      32      32      12      16      12      20      24      18
      80      32      32      36      64      88      56      40      36      52      28      32      32      36      52      92      36      32      48      28      28      56      48      32      56      32      16      32      32      12      24      18      30      36      27
      80      32      32      36      64      88      56      40      36      52      28      32      32      36      52      92      36      32      48      28      28      56      48      32      56      32      16      32      32      12      32      24      40      48      36
      80      32      32      36      64      88      56      40      36      52      28      32      32      36      52      92      36      32      48      28      28      56      48      32      56      32      16      32      32      12      40      30      50      60      45
      80      32      32      36      64      88      56      40      36      52      28      32      32      36      52      92      36      32      48      28      28      56      48      32      56      32      16      32      32      12       0       0       0       0       0
      80      32      32      36      64      88      56      40      36      52      28      32      32      36      52      92      36      32      48      28      28      56      48      32      56      32      16      32      32      12       0       0       0       0       0
      80      32      32      36      64      88      56      40      36      52      28      32      32      36      52      92      36      32      48      28      28      56      48      32      56      32      16      32      32      12       0       0       0       0       0
      20      300      280
      20      300      280
      20      300      280
      20      300      280
      20      300      280
      20      300      280
      20      300      280
      20      300      280
      20      300      280
      20      300      280
     108     134      70     100      57     116      67      26     105     106      48      55      95      83     140      68     104     118      20      78     133     133      51      11      55      74      32      46     131     108      10      66      30      86      47
     408     434     370     400     357     416     367     326     405     406     348     355     395     383     440     368     404     418     320     378     433     433     351     311     355     374     332     346     431     408      14      70      34      90      51
     125      100        0        2
     175      125        1        3
     100      125        2        4
     100      125        3        5
     125      125        4        6
     125      125        5        7
     125      125        6        8
     125      125        7        9
     125      125        8       10
     125      125        9        0
     175     150     200     225     200     200     175     200     175     200     150     175     200     225     200     175     175     200     225     200     200     175     150     175     175     200     225     200     150     200     350     275     275     275     350
      30       5       0       0       0       0