   35    10
      20      22      18      30      18      24      16       6      16      14      30      24      24      16      26      14      22      20      30      14      18      18      24      10      44      46      26      30      32      14       0       0       0       0       0
      20      22      18      30      18      24      16       6      16      14      30      24      24      16      26      14      22      20      30      14      18      18      24      10      44      46      26      30      32      14      30      54      39      27      21
      40      44      36      60      36      48      32      12      32      28      60      48      48      32      52      28      44      40      60      28      36      36      48      20      88      92      52      60      64      28      20      36      26      18      14
      40      44      36      60      36      48      32      12      32      28      60      48      48      32      52      28      44      40      60      28      36      36      48      20      88      92      52      60      64      28      20      36      26      18      14
      40      44      36      60      36      48      32      12      32      28      60      48      48      32      52      28      44      40      60      28      36      36      48      20      88      92      52      60      64      28      30      54      39      27      21
      40      44      36      60      36      48      32      12      32      28      60      48      48      32      52      28      44      40      60      28      36      36      48      20      88      92      52      60      64      28      40      72      52      36      28
      40      44      36      60      36      48      32      12      32      28      60      48      48      32      52      28      44      40      60      28      36      36      48      20      88      92      52      60      64      28      50      90      65      45      35
      40      44      36      60      36      48      32      12      32      28      60      48      48      32      52      28      44      40      60      28      36      36      48      20      88      92      52      60      64      28       0       0       0       0       0
      40      44      36      60      36      48      32      12      32      28      60      48      48      32      52      28      44      40      60      28      36      36      48      20      88      92      52      60      64      28       0       0       0       0       0
      40      44      36      60      36      48      32      12      32      28      60      48      48      32      52      28      44      40      60      28      36      36      48      20      88      92      52      60      64      28       0       0       0       0       0
      12      300      288
      12      300      288
      12      300      288
      12      300      288
      12      300      288
      12      300      288
      12      300      288
      12      300      288
      12      300      288
      12      300      288
      50      19      87      35     107     100      96     114      97      10     111     136      65      10      62      77       2      36      30      42      19      40      95     130      81      43      62      62     135     122      50      65      25      82      96
     350     319     387     335     407     400     396     414     397     310     411     436     365     310     362     377     302     336     330     342     319     340     395     430     381     343     362     362     435     422      54      69      29      86     100
     125      100        0        2
     175      125        1        3
     100      125        2        4
     100      125        3        5
     125      125        4        6
     125      125        5        7
     125      125        6        8
     125      125        7        9
     125      125        8       10
     125      125        9        0
     175     175     175     200     175     225     175     200     200     200     150     200     200     200     225     175     200     175     200     175     150     200     225     175     200     150     150     200     175     200     275     275     275     350     350
      30       5       0       0       0       0