   35    10
      44      28      14      42      16      42      44      12      40      20      36      22      28      14      26       4      16      36      22      30      28      18      24      12      26      16      22      16      26      14       0       0       0       0       0
      44      28      14      42      16      42      44      12      40      20      36      22      28      14      26       4      16      36      22      30      28      18      24      12      26      16      22      16      26      14      39      18      21      21      54
      88      56      28      84      32      84      88      24      80      40      72      44      56      28      52       8      32      72      44      60      56      36      48      24      52      32      44      32      52      28      26      12      14      14      36
      88      56      28      84      32      84      88      24      80      40      72      44      56      28      52       8      32      72      44      60      56      36      48      24      52      32      44      32      52      28      26      12      14      14      36
      88      56      28      84      32      84      88      24      80      40      72      44      56      28      52       8      32      72      44      60      56      36      48      24      52      32      44      32      52      28      39      18      21      21      54
      88      56      28      84      32      84      88      24      80      40      72      44      56      28      52       8      32      72      44      60      56      36      48      24      52      32      44      32      52      28      52      24      28      28      72
      88      56      28      84      32      84      88      24      80      40      72      44      56      28      52       8      32      72      44      60      56      36      48      24      52      32      44      32      52      28      65      30      35      35      90
      88      56      28      84      32      84      88      24      80      40      72      44      56      28      52       8      32      72      44      60      56      36      48      24      52      32      44      32      52      28       0       0       0       0       0
      88      56      28      84      32      84      88      24      80      40      72      44      56      28      52       8      32      72      44      60      56      36      48      24      52      32      44      32      52      28       0       0       0       0       0
      88      56      28      84      32      84      88      24      80      40      72      44      56      28      52       8      32      72      44      60      56      36      48      24      52      32      44      32      52      28       0       0       0       0       0
      22      300      278
      22      300      278
      22      300      278
      22      300      278
      22      300      278
      22      300      278
      22      300      278
      22      300      278
      22      300      278
      22      300      278
     119      42     141      76      97     132      62     125      12      29      99      62      71      53      20     133     137     110     143      49      42      88     115      48      18      50      27     117      48      33      42      37      26      83      86
     419     342     441     376     397     432     362     425     312     329     399     362     371     353     320     433     437     410     443     349     342     388     415     348     318     350     327     417     348     333      46      41      30      87      90
     125      100        0        2
     175      125        1        3
     100      125        2        4
     100      125        3        5
     125      125        4        6
     125      125        5        7
     125      125        6        8
     125      125        7        9
     125      125        8       10
     125      125        9        0
     175     200     175     150     150     150     150     150     200     150     175     200     200     200     150     200     200     150     200     175     200     150     175     175     175     175     200     175     175     175     275     275     275     275     275
      30       5       0       0       0       0