   35    10
      18      14      20      16      44      26      10      18      30      18      14      18      14      22      26      14      24      46      38      22      32      26      24      14       6      12      14      32      18      10       0       0       0       0       0
      18      14      20      16      44      26      10      18      30      18      14      18      14      22      26      14      24      46      38      22      32      26      24      14       6      12      14      32      18      10      36      18      30      21      30
      36      28      40      32      88      52      20      36      60      36      28      36      28      44      52      28      48      92      76      44      64      52      48      28      12      24      28      64      36      20      24      12      20      14      20
      36      28      40      32      88      52      20      36      60      36      28      36      28      44      52      28      48      92      76      44      64      52      48      28      12      24      28      64      36      20      24      12      20      14      20
      36      28      40      32      88      52      20      36      60      36      28      36      28      44      52      28      48      92      76      44      64      52      48      28      12      24      28      64      36      20      36      18      30      21      30
      36      28      40      32      88      52      20      36      60      36      28      36      28      44      52      28      48      92      76      44      64      52      48      28      12      24      28      64      36      20      48      24      40      28      40
      36      28      40      32      88      52      20      36      60      36      28      36      28      44      52      28      48      92      76      44      64      52      48      28      12      24      28      64      36      20      60      30      50      35      50
      36      28      40      32      88      52      20      36      60      36      28      36      28      44      52      28      48      92      76      44      64      52      48      28      12      24      28      64      36      20       0       0       0       0       0
      36      28      40      32      88      52      20      36      60      36      28      36      28      44      52      28      48      92      76      44      64      52      48      28      12      24      28      64      36      20       0       0       0       0       0
      36      28      40      32      88      52      20      36      60      36      28      36      28      44      52      28      48      92      76      44      64      52      48      28      12      24      28      64      36      20       0       0       0       0       0
      22      300      278
      22      300      278
      22      300      278
      22      300      278
      22      300      278
      22      300      278
      22      300      278
      22      300      278
      22      300      278
      22      300      278
      38     111      16      58      67      84     101      15      46      87      61     129      89      39      38      13     112      44      51      71     110      86      31      93     117      68      67     136      74      53      18      95      29      85      57
     338     411     316     358     367     384     401     315     346     387     361     429     389     339     338     313     412     344     351     371     410     386     331     393     417     368     367     436     374     353      22      99      33      89      61
     125      100        0        2
     175      125        1        3
     100      125        2        4
     100      125        3        5
     125      125        4        6
     125      125        5        7
     125      125        6        8
     125      125        7        9
     125      125        8       10
     125      125        9        0
     175     200     225     175     150     200     200     175     175     175     225     175     200     150     200     150     175     200     225     200     150     225     175     175     200     175     175     150     225     200     275     350     350     350     275
      30       5       0       0       0       0