   35     7
      16      18      14      22      16      30      22      12      34      16      18       6      14      30       8      22      26      28      22      20      14       6      18      14      34      16      22      14      12      28       0       0       0       0       0
      16      18      14      22      16      30      22      12      34      16      18       6      14      30       8      22      26      28      22      20      14       6      18      14      34      16      22      14      12      28      30      24      36      30      18
      32      36      28      44      32      60      44      24      68      32      36      12      28      60      16      44      52      56      44      40      28      12      36      28      68      32      44      28      24      56      20      16      24      20      12
      32      36      28      44      32      60      44      24      68      32      36      12      28      60      16      44      52      56      44      40      28      12      36      28      68      32      44      28      24      56      20      16      24      20      12
      32      36      28      44      32      60      44      24      68      32      36      12      28      60      16      44      52      56      44      40      28      12      36      28      68      32      44      28      24      56      30      24      36      30      18
      32      36      28      44      32      60      44      24      68      32      36      12      28      60      16      44      52      56      44      40      28      12      36      28      68      32      44      28      24      56      40      32      48      40      24
      32      36      28      44      32      60      44      24      68      32      36      12      28      60      16      44      52      56      44      40      28      12      36      28      68      32      44      28      24      56      50      40      60      50      30
      15      300      285
      15      300      285
      15      300      285
      15      300      285
      15      300      285
      15      300      285
      15      300      285
      88      81      23      98      57     137      17      10     117      70      34      42      56      40       5      10     109      66      55     121      34      62     142     108     101      86      47      38      23     104      15      51      28      88      13
     388     381     323     398     357     437     317     310     417     370     334     342     356     340     305     310     409     366     355     421     334     362     442     408     401     386     347     338     323     404      19      55      32      92      17
     125      100        0        2
     175      125        1        3
     100      125        2        4
     100      125        3        5
     125      125        4        6
     125      125        5        7
     125      125        6        0
     175     175     200     225     175     200     200     150     150     150     150     150     200     200     200     225     225     175     175     200     175     200     175     175     175     175     200     175     175     175     350     275     275     275     350
      30       5       0       0       0       0