   35     7
      42      18      22      24      48      10      24      18      18      12      28      20      16      12      12      18      16      14      14      16      24      18      18      36      20      18      20      22      36      12       0       0       0       0       0
      42      18      22      24      48      10      24      18      18      12      28      20      16      12      12      18      16      14      14      16      24      18      18      36      20      18      20      22      36      12      24      24      39      33      39
      84      36      44      48      96      20      48      36      36      24      56      40      32      24      24      36      32      28      28      32      48      36      36      72      40      36      40      44      72      24      16      16      26      22      26
      84      36      44      48      96      20      48      36      36      24      56      40      32      24      24      36      32      28      28      32      48      36      36      72      40      36      40      44      72      24      16      16      26      22      26
      84      36      44      48      96      20      48      36      36      24      56      40      32      24      24      36      32      28      28      32      48      36      36      72      40      36      40      44      72      24      24      24      39      33      39
      84      36      44      48      96      20      48      36      36      24      56      40      32      24      24      36      32      28      28      32      48      36      36      72      40      36      40      44      72      24      32      32      52      44      52
      84      36      44      48      96      20      48      36      36      24      56      40      32      24      24      36      32      28      28      32      48      36      36      72      40      36      40      44      72      24      40      40      65      55      65
      11      300      289
      11      300      289
      11      300      289
      11      300      289
      11      300      289
      11      300      289
      11      300      289
      37      65      76      94     128      58     116      75     134      80     122     127      14      25      11      51      23     124     127      70      20      19       1     101     109      42       2      90      58       9      71     107      20      84      81
     337     365     376     394     428     358     416     375     434     380     422     427     314     325     311     351     323     424     427     370     320     319     301     401     409     342     302     390     358     309      75     111      24      88      85
     125      100        0        2
     175      125        1        3
     100      125        2        4
     100      125        3        5
     125      125        4        6
     125      125        5        7
     125      125        6        0
     175     225     200     225     200     200     150     150     200     175     225     175     200     225     175     200     175     175     225     150     200     200     150     200     175     150     200     175     175     150     275     275     275     350     275
      30       5       0       0       0       0