   35     7
      20      18      12      26      26      16      30      26       6      46      14      12      18      16      14      14      42      22      28       8      14      38      20      20      14      20      20      12      24      18       0       0       0       0       0
      20      18      12      26      26      16      30      26       6      46      14      12      18      16      14      14      42      22      28       8      14      38      20      20      14      20      20      12      24      18      18      24      18      36      36
      40      36      24      52      52      32      60      52      12      92      28      24      36      32      28      28      84      44      56      16      28      76      40      40      28      40      40      24      48      36      12      16      12      24      24
      40      36      24      52      52      32      60      52      12      92      28      24      36      32      28      28      84      44      56      16      28      76      40      40      28      40      40      24      48      36      12      16      12      24      24
      40      36      24      52      52      32      60      52      12      92      28      24      36      32      28      28      84      44      56      16      28      76      40      40      28      40      40      24      48      36      18      24      18      36      36
      40      36      24      52      52      32      60      52      12      92      28      24      36      32      28      28      84      44      56      16      28      76      40      40      28      40      40      24      48      36      24      32      24      48      48
      40      36      24      52      52      32      60      52      12      92      28      24      36      32      28      28      84      44      56      16      28      76      40      40      28      40      40      24      48      36      30      40      30      60      60
      16      300      284
      16      300      284
      16      300      284
      16      300      284
      16      300      284
      16      300      284
      16      300      284
     130      49     129      89      55     122      72     140       6      90      66      68     115      10      18      92      82      38      55      18       5     120       5      94     117     143     101     141      93      59     127      20      13      79       5
     430     349     429     389     355     422     372     440     306     390     366     368     415     310     318     392     382     338     355     318     305     420     305     394     417     443     401     441     393     359     131      24      17      83       9
     125      100        0        2
     175      125        1        3
     100      125        2        4
     100      125        3        5
     125      125        4        6
     125      125        5        7
     125      125        6        0
     175     175     175     200     150     200     175     175     150     200     200     175     225     150     150     150     200     175     175     175     150     200     200     150     150     200     200     150     150     200     275     350     350     275     275
      30       5       0       0       0       0