   35     7
      22      12      20      20      42      28      18      20      26      18       8      14      14      26      14      24      18      32      14      30      18      26      20      18      22      42      14      14      32      24       0       0       0       0       0
      22      12      20      20      42      28      18      20      26      18       8      14      14      26      14      24      18      32      14      30      18      26      20      18      22      42      14      14      32      24      54      30      21      30      24
      44      24      40      40      84      56      36      40      52      36      16      28      28      52      28      48      36      64      28      60      36      52      40      36      44      84      28      28      64      48      36      20      14      20      16
      44      24      40      40      84      56      36      40      52      36      16      28      28      52      28      48      36      64      28      60      36      52      40      36      44      84      28      28      64      48      36      20      14      20      16
      44      24      40      40      84      56      36      40      52      36      16      28      28      52      28      48      36      64      28      60      36      52      40      36      44      84      28      28      64      48      54      30      21      30      24
      44      24      40      40      84      56      36      40      52      36      16      28      28      52      28      48      36      64      28      60      36      52      40      36      44      84      28      28      64      48      72      40      28      40      32
      44      24      40      40      84      56      36      40      52      36      16      28      28      52      28      48      36      64      28      60      36      52      40      36      44      84      28      28      64      48      90      50      35      50      40
      14      300      286
      14      300      286
      14      300      286
      14      300      286
      14      300      286
      14      300      286
      14      300      286
     136       3      20       5      75      58     141     118      32      51      91      71     103      67     102     124      98      35     117       4     104      25     109     112      99      12      82     118     127      35      20      47      48      19      33
     436     303     320     305     375     358     441     418     332     351     391     371     403     367     402     424     398     335     417     304     404     325     409     412     399     312     382     418     427     335      24      51      52      23      37
     125      100        0        2
     175      125        1        3
     100      125        2        4
     100      125        3        5
     125      125        4        6
     125      125        5        7
     125      125        6        0
     200     200     200     225     200     175     225     200     175     225     175     200     225     175     200     200     200     175     175     175     150     225     175     150     175     200     150     225     175     175     275     350     275     275     350
      30       5       0       0       0       0