   35     7
      18      30      48      10      24      30      28      24      16      10       8      16      24      20      10      22      22      16      20      12      28      24      18       8      30      14      14      12      20      44       0       0       0       0       0
      18      30      48      10      24      30      28      24      16      10       8      16      24      20      10      22      22      16      20      12      28      24      18       8      30      14      14      12      20      44      24      24      24      36      30
      36      60      96      20      48      60      56      48      32      20      16      32      48      40      20      44      44      32      40      24      56      48      36      16      60      28      28      24      40      88      16      16      16      24      20
      36      60      96      20      48      60      56      48      32      20      16      32      48      40      20      44      44      32      40      24      56      48      36      16      60      28      28      24      40      88      16      16      16      24      20
      36      60      96      20      48      60      56      48      32      20      16      32      48      40      20      44      44      32      40      24      56      48      36      16      60      28      28      24      40      88      24      24      24      36      30
      36      60      96      20      48      60      56      48      32      20      16      32      48      40      20      44      44      32      40      24      56      48      36      16      60      28      28      24      40      88      32      32      32      48      40
      36      60      96      20      48      60      56      48      32      20      16      32      48      40      20      44      44      32      40      24      56      48      36      16      60      28      28      24      40      88      40      40      40      60      50
      12      300      288
      12      300      288
      12      300      288
      12      300      288
      12      300      288
      12      300      288
      12      300      288
     100     134      94      75      97       9      12     109      23     137      84      49      32      11      29      75     142      58      34      92      88      17      62       1      65      61      42     109      84      29      47      21      23      86      52
     400     434     394     375     397     309     312     409     323     437     384     349     332     311     329     375     442     358     334     392     388     317     362     301     365     361     342     409     384     329      51      25      27      90      56
     125      100        0        2
     175      125        1        3
     100      125        2        4
     100      125        3        5
     125      125        4        6
     125      125        5        7
     125      125        6        0
     175     225     150     150     200     150     175     175     175     200     175     175     200     175     225     150     150     225     150     175     175     175     225     200     175     225     175     150     225     175     275     350     350     275     350
      30       5       0       0       0       0