   35     7
      12      44      28      16       8      20      26      18      12      10      42      16       6      36      14      18      26      26       8      44      22      32      22      16      12      34      18      32      18      16       0       0       0       0       0
      12      44      28      16       8      20      26      18      12      10      42      16       6      36      14      18      26      26       8      44      22      32      22      16      12      34      18      32      18      16      18      33      21      30      24
      24      88      56      32      16      40      52      36      24      20      84      32      12      72      28      36      52      52      16      88      44      64      44      32      24      68      36      64      36      32      12      22      14      20      16
      24      88      56      32      16      40      52      36      24      20      84      32      12      72      28      36      52      52      16      88      44      64      44      32      24      68      36      64      36      32      12      22      14      20      16
      24      88      56      32      16      40      52      36      24      20      84      32      12      72      28      36      52      52      16      88      44      64      44      32      24      68      36      64      36      32      18      33      21      30      24
      24      88      56      32      16      40      52      36      24      20      84      32      12      72      28      36      52      52      16      88      44      64      44      32      24      68      36      64      36      32      24      44      28      40      32
      24      88      56      32      16      40      52      36      24      20      84      32      12      72      28      36      52      52      16      88      44      64      44      32      24      68      36      64      36      32      30      55      35      50      40
      12      300      288
      12      300      288
      12      300      288
      12      300      288
      12      300      288
      12      300      288
      12      300      288
      67     124     110     108      85      26      32     106     117      32     103       1      97      24      86      86     119      95      34      33      79      96     119      35     111     109     143      32     103      70       5      20      21      91      99
     367     424     410     408     385     326     332     406     417     332     403     301     397     324     386     386     419     395     334     333     379     396     419     335     411     409     443     332     403     370       9      24      25      95     103
     125      100        0        2
     175      125        1        3
     100      125        2        4
     100      125        3        5
     125      125        4        6
     125      125        5        7
     125      125        6        0
     200     175     200     175     150     150     150     150     175     175     150     200     225     175     225     200     175     175     175     150     200     175     175     225     200     225     200     150     200     150     275     350     350     275     350
      30       5       0       0       0       0