   35     7
      36      42      28      14      22      10      20      28      44      18      12      14      28      16      10      18      18      24      16      24      12      28      18      12      22      20       6      22      18      40       0       0       0       0       0
      36      42      28      14      22      10      20      28      44      18      12      14      28      16      10      18      18      24      16      24      12      28      18      12      22      20       6      22      18      40      30      24      27      27      27
      72      84      56      28      44      20      40      56      88      36      24      28      56      32      20      36      36      48      32      48      24      56      36      24      44      40      12      44      36      80      20      16      18      18      18
      72      84      56      28      44      20      40      56      88      36      24      28      56      32      20      36      36      48      32      48      24      56      36      24      44      40      12      44      36      80      20      16      18      18      18
      72      84      56      28      44      20      40      56      88      36      24      28      56      32      20      36      36      48      32      48      24      56      36      24      44      40      12      44      36      80      30      24      27      27      27
      72      84      56      28      44      20      40      56      88      36      24      28      56      32      20      36      36      48      32      48      24      56      36      24      44      40      12      44      36      80      40      32      36      36      36
      72      84      56      28      44      20      40      56      88      36      24      28      56      32      20      36      36      48      32      48      24      56      36      24      44      40      12      44      36      80      50      40      45      45      45
      13      300      287
      13      300      287
      13      300      287
      13      300      287
      13      300      287
      13      300      287
      13      300      287
      25      13       4     117      87      41     121     120      83      12      71     119      38      54     131     130     134     132       3      99     110      64      82      64       2      67       7      19     141      84      39     137      24      86      42
     325     313     304     417     387     341     421     420     383     312     371     419     338     354     431     430     434     432     303     399     410     364     382     364     302     367     307     319     441     384      43     141      28      90      46
     125      100        0        2
     175      125        1        3
     100      125        2        4
     100      125        3        5
     125      125        4        6
     125      125        5        7
     125      125        6        0
     175     175     150     200     175     175     175     200     175     225     200     175     200     175     150     175     150     200     150     175     200     200     175     175     175     175     150     200     150     150     275     350     350     350     275
      30       5       0       0       0       0