   35     7
       8      20      38      36      22      20      20      30      24      16      16       6      20      14      12      38      26      44      20      24      20      46      20      22      40      28      18      22      22      18       0       0       0       0       0
       8      20      38      36      22      20      20      30      24      16      16       6      20      14      12      38      26      44      20      24      20      46      20      22      40      28      18      22      22      18      24      24      21      30      36
      16      40      76      72      44      40      40      60      48      32      32      12      40      28      24      76      52      88      40      48      40      92      40      44      80      56      36      44      44      36      16      16      14      20      24
      16      40      76      72      44      40      40      60      48      32      32      12      40      28      24      76      52      88      40      48      40      92      40      44      80      56      36      44      44      36      16      16      14      20      24
      16      40      76      72      44      40      40      60      48      32      32      12      40      28      24      76      52      88      40      48      40      92      40      44      80      56      36      44      44      36      24      24      21      30      36
      16      40      76      72      44      40      40      60      48      32      32      12      40      28      24      76      52      88      40      48      40      92      40      44      80      56      36      44      44      36      32      32      28      40      48
      16      40      76      72      44      40      40      60      48      32      32      12      40      28      24      76      52      88      40      48      40      92      40      44      80      56      36      44      44      36      40      40      35      50      60
      14      300      286
      14      300      286
      14      300      286
      14      300      286
      14      300      286
      14      300      286
      14      300      286
      55      71      39     131      44      10      37       7      66     109      53     138     121      53     120       4      73     112      24      26      28      23      25      13      54       5      67      52       6     114     119     135      14      80     139
     355     371     339     431     344     310     337     307     366     409     353     438     421     353     420     304     373     412     324     326     328     323     325     313     354     305     367     352     306     414     123     139      18      84     143
     125      100        0        2
     175      125        1        3
     100      125        2        4
     100      125        3        5
     125      125        4        6
     125      125        5        7
     125      125        6        0
     175     200     175     175     200     200     175     200     150     150     225     175     225     225     175     175     200     150     175     200     200     225     175     150     200     150     175     200     175     175     275     350     350     350     350
      30       5       0       0       0       0