   35     7
      22      20      18      44      16      26      22      12      14      14      24      20      24      18      14      24      16      18      14      18      44      18      22      16      22      32      16      10      18      24       0       0       0       0       0
      22      20      18      44      16      26      22      12      14      14      24      20      24      18      14      24      16      18      14      18      44      18      22      16      22      32      16      10      18      24      21      21      24      33      33
      44      40      36      88      32      52      44      24      28      28      48      40      48      36      28      48      32      36      28      36      88      36      44      32      44      64      32      20      36      48      14      14      16      22      22
      44      40      36      88      32      52      44      24      28      28      48      40      48      36      28      48      32      36      28      36      88      36      44      32      44      64      32      20      36      48      14      14      16      22      22
      44      40      36      88      32      52      44      24      28      28      48      40      48      36      28      48      32      36      28      36      88      36      44      32      44      64      32      20      36      48      21      21      24      33      33
      44      40      36      88      32      52      44      24      28      28      48      40      48      36      28      48      32      36      28      36      88      36      44      32      44      64      32      20      36      48      28      28      32      44      44
      44      40      36      88      32      52      44      24      28      28      48      40      48      36      28      48      32      36      28      36      88      36      44      32      44      64      32      20      36      48      35      35      40      55      55
      14      300      286
      14      300      286
      14      300      286
      14      300      286
      14      300      286
      14      300      286
      14      300      286
       4      55      92     126     115      74     136      72      83     119     141      78      79      38     126      44     132      27      97     118      14     124      28       6      62     106      22     103      41      19      32      48       6      75      63
     304     355     392     426     415     374     436     372     383     419     441     378     379     338     426     344     432     327     397     418     314     424     328     306     362     406     322     403     341     319      36      52      10      79      67
     125      100        0        2
     175      125        1        3
     100      125        2        4
     100      125        3        5
     125      125        4        6
     125      125        5        7
     125      125        6        0
     200     175     150     150     150     200     200     225     200     175     200     200     225     225     150     150     225     150     150     225     150     200     225     175     175     200     175     175     175     150     350     350     350     275     275
      30       5       0       0       0       0