   35     7
      20      24      24       6      20      28      14      38      16      22      16      42      24      46      12      24      18      16      16      14      34      10      20      24      24       8      14      12      18      16       0       0       0       0       0
      20      24      24       6      20      28      14      38      16      22      16      42      24      46      12      24      18      16      16      14      34      10      20      24      24       8      14      12      18      16      30      24      24      24      30
      40      48      48      12      40      56      28      76      32      44      32      84      48      92      24      48      36      32      32      28      68      20      40      48      48      16      28      24      36      32      20      16      16      16      20
      40      48      48      12      40      56      28      76      32      44      32      84      48      92      24      48      36      32      32      28      68      20      40      48      48      16      28      24      36      32      20      16      16      16      20
      40      48      48      12      40      56      28      76      32      44      32      84      48      92      24      48      36      32      32      28      68      20      40      48      48      16      28      24      36      32      30      24      24      24      30
      40      48      48      12      40      56      28      76      32      44      32      84      48      92      24      48      36      32      32      28      68      20      40      48      48      16      28      24      36      32      40      32      32      32      40
      40      48      48      12      40      56      28      76      32      44      32      84      48      92      24      48      36      32      32      28      68      20      40      48      48      16      28      24      36      32      50      40      40      40      50
      12      300      288
      12      300      288
      12      300      288
      12      300      288
      12      300      288
      12      300      288
      12      300      288
     124      94      93      29      34      42       2      19     125     128      40      64     128      96      78      60      65      42     137      33      51      70      45      75     135      11      32     106      62      24     111     107      15      80     129
     424     394     393     329     334     342     302     319     425     428     340     364     428     396     378     360     365     342     437     333     351     370     345     375     435     311     332     406     362     324     115     111      19      84     133
     125      100        0        2
     175      125        1        3
     100      125        2        4
     100      125        3        5
     125      125        4        6
     125      125        5        7
     125      125        6        0
     175     150     150     200     175     225     150     150     150     175     150     175     200     200     175     200     200     225     200     200     150     150     225     225     175     175     225     175     175     175     350     275     275     275     275
      30       5       0       0       0       0